in_history_1_1	1486	579	84	26
in_history_1_2	1658	242	20	22
in_history_1_3	0	0	747	666
in_icon_1_1	1557	530	129	43
in_icon_1_2	1269	335	129	44
in_icon_1_3	1398	335	129	44
in_icon_1_4	1527	335	129	44
in_icon_1_5	747	579	129	43
in_icon_2_1	876	579	129	43
in_icon_2_2	1557	393	129	44
in_icon_2_3	1557	437	129	44
in_icon_2_4	1557	486	129	44
in_icon_2_5	1005	579	129	43
in_icon_3_1	1134	579	69	43
in_icon_3_2	1203	579	69	43
in_icon_4_1	1272	579	69	43
in_icon_4_2	1341	579	69	43
in_pause_1_0	747	242	371	151
in_pause_1_1	1118	242	270	93
in_pause_1_2	1388	242	270	93
in_pause_1_3	747	393	270	93
in_pause_1_4	1017	393	270	93
in_pause_1_5	1287	393	270	93
in_pause_2_1	747	486	270	93
in_pause_2_2	1017	486	270	93
in_pause_2_3	1287	486	270	93
in_pause_2_4	0	666	270	93
in_pause_2_5	270	666	270	93
in_text_1_0	747	0	947	242
in_text_1_1	1118	335	151	51
in_text_1_2	1410	579	76	38
